Пункт	Температура воздуха наиболее холодных суток, °С, обеспеченностью 0,98	Температура воздуха наиболее холодных суток, °С, обеспеченностью  0,92	Темпедневки, °С, обеспеченностью 0,98	Темпедневки, °С, обеспеченностью 0,92	Температура воздуха, °С, обеспеченностью 0,94	Абсолютная минимальная температура воздуха, °С	Средняя суточная амплитуда температуры воздуха наиболее холодного месяца, °С	Продолжительность периода со средней суточной температурой воздуха 0 °С, сут	Средняя температура воздуха периода со средней суточной температурой воздуха 0 °С, °С	Продолжительность периода со средней суточной температурой воздуха 8 °С, сут	Средняя температура воздуха периода со средней суточной температурой воздуха 8 °С, °С	Продолжительность периода со средней суточной температурой воздуха 10 °С, сут	Средняя температура воздуха периода со средней суточной температурой воздуха 10 °С, °С	Средняя месячная относительная влажность воздуха наиболее холодного месяца, %	Средняя месячная относительная влажность воздуха в 15 ч наиболее холодного месяца, %	Количество осадков за ноябрь-март,  мм	Преобла- ладаю- щее направление ветра за декабрь-февраль	Максимальная из средних скоростей ветра по румбам за январь, м/с	Средняя скорость ветра, м/с, за период со средней суточной температурой воздуха 8 °С	Республика, край, область	Lat	Lon
1	2	3	4	5	6	7	8	9	10	11	12	13	14	15	16	17	18	19	20	21	22	23
Майкоп	-27	-22	-21	-19	-6	-34	9.0	40	-1	148	2.3	169	3.1	79	72	276	Ю	5.7	3	Республика Адыгея	44.609796	40.100561
Алейск	-44	-42	-41	-38	-23	-46	9.5	164	-11.5	216	-7.8	230	-6.7	80	78	130	ЮЗ	6.8	-	Республика Алтай	NA	NA
Барнаул	-44	-40	-39	-36	-21	-52	9.3	163	-11.1	213	-7.5	230	-6.3	78	75	117	ЮЗ	4	3.4	Республика Алтай	53.348053	83.779875
Беля	-27	-26	-25	-23	-14	-35	5.9	149	-6	223	-2.7	242	-1.7	59	55	121	ЮВ	7	4.5	Республика Алтай	52.189411	87.670002
Бийск-Зональная	-45	-42	-41	-35	-21	-52	11.3	163	-11.3	213	-7.6	229	-6.5	78	75	182	ЮЗ	5	1.9	Республика Алтай	NA	NA
Змеиногорск	-43	-41	-40	-36	-18	-49	11.3	159	-10.2	211	-6.7	227	-5.5	74	69	258	Ю	5.3	2.5	Республика Алтай	51.158122	82.187216
Катанда	-43	-42	-42	-40	-28	-48	12.3	175	-14	237	-9.2	258	-7.8	81	79	81	С	1.8	1.7	Республика Алтай	50.164731	86.177532
Кош-Агач	-46	-44	-44	-42	-34	-55	11.5	191	-17.6	256	-12.0	274	-10.7	81	80	15	В	1.5	1.7	Республика Алтай	49.993685	88.665901
Онгудай	-42	-41	-40	-38	-26	-46	11.1	168	-13	231	-8.3	249	-7.3	79	71	46	З	2.3	9.1	Республика Алтай	50.749395	86.135159
Родино	-44	-42	-41	-38	-23	-49	9.6	165	-11.8	215	-8.1	228	-7.0	80	79	76	ЮЗ	6	4.8	Республика Алтай	NA	NA
Рубцовск	-43	-41	-41	-35	-21	-49	9.5	160	-11.3	206	-7.9	221	-6.7	79	76	98	Ю	7.2	4.3	Республика Алтай	51.501235	81.207774
Славгород	-43	-40	-39	-36	-22	-48	9.2	163	-12.2	206	-8.8	221	-7.6	81	79	94	Ю	5	3.5	Республика Алтай	NA	NA
Тогул	-43	-41	-40	-37	-22	-48	8.6	170	-11	225	-7.3	240	-6.3	79	77	145	ЮЗ	-	-	Республика Алтай	NA	NA
Архара	-41	-38	-38	-36	-30	-50	12.4	167	-17.2	211	-12.7	227	-11.2	77	71	58	СЗ	2.5	2.6	Амурская область	49.422293	130.087102
Белогорск	-43	-40	-41	-37	-32	-48	10.0	174	-16.4	223	-11.9	236	-10.7	76	73	53	СЗ	2.7	2.9	Амурская область	50.921287	128.473881
Благовещенск	-37	-35	-35	-33	-27	-45	10.7	164	-14.9	210	-10.7	225	-9.4	73	65	43	СЗ	2.6	2	Амурская область	50.290658	127.527173
Бомнак	-45	-44	-42	-40	-35	-52	9.9	189	-19.9	240	-14.7	255	-13.3	75	71	49	СВ	2	1.7	Амурская область	54.70895	128.84855
Братолюбовка	-41	-40	-39	-37	-33	-51	11.2	179	-17.1	229	-12.4	242	-11.2	75	72	58	СЗ	-	-	Амурская область	NA	NA
Бысса	-44	-43	-42	-41	-36	-51	14.8	186	-18.4	236	-13.6	252	-12.2	76	69	71	ЮВ	1.3	-	Амурская область	52.405506	130.525588
Гош	-46	-44	-43	-42	-36	-52	15.9	183	-18.9	233	-14.0	247	-12.7	73	66	50	З	1.5	-	Амурская область	NA	NA
Дамбуки	-47	-46	-46	-43	-36	-54	13.6	196	-18.8	244	-14.3	261	-12.8	66	59	57	СЗ	5.2	1.7	Амурская область	54.305015	127.41465
Ерофей Павлович	-43	-42	-40	-38	-33	-51	15.6	195	-17	245	-12.7	262	-11.8	79	71	47	С	-	2	Амурская область	53.959765	121.954573
Завитинск	-41	-39	-38	-36	-32	-50	9.5	176	-16.4	226	-11.8	240	-10.7	79	74	78	СЗ	3.3	-	Амурская область	50.106501	129.439219
Зея	-46	-44	-43	-42	-35	-52	14.7	190	-18.3	238	-13.8	254	-12.4	69	63	35	-	3.5	-	Амурская область	53.734001	127.265809
Норский Склад	-46	-44	-44	-43	-37	-55	15.0	183	-19.2	232	-14.3	246	-13.0	74	68	58	СВ	2.1	1.6	Амурская область	NA	NA
Огорон	-43	-41	-41	-40	-34	-50	10.4	198	-17.6	247	-13.3	265	-11.7	70	64	64	С	3.2	2.5	Амурская область	53.957938	129.147096
Поярково	-43	-40	-39	-37	-32	-50	12.5	173	-16.5	222	-11.9	235	-10.7	76	70	53	З	3.4	-	Амурская область	49.626361	128.657595
Свободный	-44	-42	-41	-39	-33	-52	12.2	179	-17.1	229	-12.4	242	-11.3	70	63	66	СЗ	-	-	Амурская область	51.375889	128.134147
Сковородино	-44	-43	-43	-38	-32	-52	14.9	192	-18.7	245	-13.7	260	-12.4	73	63	66	СЗ	2.8	2.6	Амурская область	53.987134	123.943632
Средняя Нюкжа	-52	-49	-41	-45	-40	-58	13.3	213	-20.8	262	-16.1	278	-14.7	76	72	77	ЮВ	-	-	Амурская область	55.219771	123.380963
Тыган-Уркан	-43	-41	-38	-37	-31	-50	12.8	196	-16.5	245	-12.4	262	-11.0	69	61	52	СЗ	5.2	2.6	Амурская область	NA	NA
Тында	-48	-46	-44	-42	-37	-54	12.5	208	-19.2	258	-14.7	274	-13.3	75	71	62	З	5.3	2.9	Амурская область	55.154676	124.7292
Унаха	-48	-45	-44	-42	-35	-55	16.1	206	-18.4	255	-14.0	271	-12.6	67	59	64	СЗ	-	-	Амурская область	55.129149	126.586592
Усть-Нюкжа	-47	-46	-45	-43	-35	-51	8.1	199	-20.2	252	-15.1	265	-13.9	76	74	31	С	1.7	1	Амурская область	56.558943	121.592786
Черняево	-45	-44	-43	-40	-31	-51	13.0	180	-17.9	229	-13.1	245	-11.7	73	66	38	З	3.7	1.9	Амурская область	NA	NA
Шимановск	-43	-41	-40	-38	-33	-52	13.4	182	-17	233	-12.5	246	-11.3	-	70	60	СЗ	2.3	2.4	Амурская область	51.999543	127.676114
Экимчан	-45	-43	-44	-42	-36	-53	11.0	193	-19.8	249	-14.4	264	-13.1	75	69	65	В	1.6	1.7	Амурская область	53.068764	132.943844
Архангельск	-38	-37	-35	-33	-16	-45	7.6	176	-8.2	250	-4.5	271	-3.5	85	84	174	ЮВ	3.4	2.9	Архангельская область	64.539393	40.516939
Борковская	-49	-47	-44	-42	-23	-55	10.0	203	-10.5	277	-6.6	297	-5.6	83	83	191	ЮЗ	-	2.6	Архангельская область	NA	NA
Емецк	-39	-38	-35	-33	-19	-48	7.6	175	-8.3	249	-4.7	268	-3.7	85	85	150	ЮВ	-	3.9	Архангельская область	63.470667	41.777347
Койнас	-48	-41	-44	-41	-20	-52	8.9	190	-10.1	262	-6.2	281	-5.1	83	83	185	Ю	2	3.1	Архангельская область	64.754164	47.637686
Котлас	-42	-41	-41	-31	-16	-41	7.5	166	-8.9	237	-5.0	257	-3.9	84	-	161	Ю	4.6	2.4	Архангельская область	61.25297	46.633217
Мезень	-40	-40	-38	-35	-17	-49	7.8	194	-8.9	268	-5.3	290	-4.2	84	83	149	Ю	4.5	4.1	Архангельская область	65.839904	44.25314
Онега	-38	-37	-36	-32	-15	-43	7.0	168	-7.5	243	-4.0	264	-2.9	84	84	188	ЮВ	3.7	2.8	Архангельская область	63.90689	38.100273
Астрахань	-25	-24	-23	-21	-10	-33	6.8	103	-3.5	164	-0.8	179	0.1	83	76	73	В	3.8	3.3	Астраханская область	46.347869	48.033574
Верхний Баскунчак	-30	-28	-28	-24	-12	-37	6.4	121	-5.4	174	-2.5	187	-1.7	83	79	110	В	3.7	3.6	Астраханская область	48.225596	46.722007
Белорецк	-39	-37	-37	-34	-21	-45	8.5	171	-10.3	231	-6.5	249	-5.4	79	76	132	ЮЗ	5.6	3.5	Республика Башкортостан	53.967685	58.410032
Дуван	-42	-38	-36	-34	-19	-50	7.9	164	-9.7	224	-6.0	240	-5.0	82	81	121	Ю	3.6	2.9	Республика Башкортостан	55.696509	57.899735
Мелеуз	-42	-39	-38	-35	-20	-45	8.9	158	-9.9	210	-6.4	224	-5.4	80	78	151	Ю	5	3.4	Республика Башкортостан	52.958964	55.92831
Уфа	-41	-38	-38	-33	-18	-49	8.9	155	-9.5	209	-6.0	224	-5.0	82	79	205	Ю	4	3.1	Республика Башкортостан	54.734856	55.957856
Янаул	-43	-40	-39	-34	-18	-51	8.4	162	-9.7	218	-6.1	234	-5.1	82	82	133	Ю	6	3.8	Республика Башкортостан	56.271296	54.933129
Белгород	-29	-28	-27	-23	-13	-35	5.9	126	-5	191	-1.9	209	-1.0	84	84	191	ЮЗ	5.9	5.3	Белгородская область	50.597467	36.588849
Брянск	-30	-27	-26	-24	-12	-42	5.6	131	-5.2	199	-2.0	217	-1.1	84	82	210	Ю	3.4	2.9	Брянская область	53.243325	34.363731
Бабушкин	-33	-31	-30	-29	-19	-39	10.3	175	-9.8	250	-5.5	272	-4.4	78	72	87	З	5.7	3.8	Республика Бурятия	51.711352	105.867364
Баргузин	-46	-43	-42	-41	-30	-52	10.1	183	-16.7	240	-11.7	255	-10.5	79	78	94	З	3.2	1.8	Республика Бурятия	53.616384	109.62975
Багдарин	-46	-44	-44	-42	-34	-51	16.3	205	-18.2	261	-13.4	276	-12.2	76	69	18	СЗ	-	1.4	Республика Бурятия	54.443916	113.592084
Кяхта	-37	-35	-35	-31	-25	-40	9.7	171	-13.1	229	-8.7	245	-7.6	75	68	22	Ю	2.2	1.4	Республика Бурятия	NA	NA
Монды	-38	-36	-36	-33	-25	-48	16.0	198	-12.2	266	-8.1	284	-6.9	65	51	20	З	5.2	2.5	Республика Бурятия	51.674595	100.990949
Нижнеангарск	-35	-35	-32	-32	-26	-47	7.3	194	-14	255	-9.6	271	-8.5	74	71	71	С	1.9	1.8	Республика Бурятия	55.788641	109.579086
Сосново-Озерское	-41	-38	-38	-36	-28	-49	11.2	197	-14.9	258	-10.5	271	-9.5	77	75	18	З	5	3.5	Республика Бурятия	52.525531	111.544986
Уакит	-43	-42	-42	-40	-33	-48	10.4	217	-17.1	274	-12.7	290	-11.4	74	70	26	СЗ	-	-	Республика Бурятия	55.482577	113.63506
Улан-Удэ	-38	-37	-36	-35	-28	-51	9.9	175	-14.8	230	-10.3	246	-9.0	76	70	28	З	2.1	1.9	Республика Бурятия	51.833507	107.584125
Хоринск	-44	-41	-43	-39	-31	-49	12.7	184	-15.4	241	-10.8	257	-9.6	75	72	25	З	-	-	Республика Бурятия	52.161421	109.775098
Владимир	-38	-34	-32	-28	-16	-48	6.3	148	-6.9	213	-3.5	230	-2.6	84	83	194	Ю	4.5	3.4	Владимирская область	56.129042	40.40703
Муром	-39	-35	-33	-30	-16	-45	6.4	150	-7.4	214	-4.0	230	-3.1	84	83	166	Ю	-	4.1	Владимирская область	55.579169	42.052411
Волгоград	-27	-26	-25	-22	-12	-35	5.6	122	-5.1	176	-2.3	190	-1.5	85	82	151	З	5.1	3.9	Волгоградская область	48.707103	44.516939
Камышин	-32	-30	-29	-26	-12	-37	7.1	134	-7.2	188	-4.1	200	-3.3	86	81	220	СВ	8.5	6.4	Волгоградская область	50.083698	45.407349
Костычевка	-32	-30	-29	-26	-	-40	8.1	146	-6.7	190	-3.9	205	-3.1	84	81	109	СВ	-	4.2	Волгоградская область	NA	NA
Котельниково	-32	-29	-27	-24	-12	-38	6.8	112	-4.7	176	-1.6	190	-0.8	85	84	161	В	4.2	4.1	Волгоградская область	47.631528	43.142625
Новоаннинский	-32	-30	-29	-26	-	-38	7.2	139	-5.7	191	-3.4	204	-2.6	82	80	177	ЮВ	-	3.8	Волгоградская область	50.529658	42.66667
Эльтон	-31	-28	-28	-25	-13	-36	6.8	126	-6.1	177	-3.2	191	-2.3	81	78	97	В	5.7	4.7	Волгоградская область	49.127191	46.845112
Бабаево	-40	-36	-36	-31	-17	-41	7.5	158	-7.3	231	-3.8	250	-2.7	86	84	174	ЮЗ	-	3.6	Вологодская область	59.389227	35.937759
Вологда	-42	-37	-37	-32	-15	-47	7.4	157	-7.6	228	-4.0	246	-3.0	85	84	163	Ю	3.9	3.6	Вологодская область	59.220492	39.891568
Вытегра	-40	-36	-35	-32	-14	-49	7.3	154	-7	230	-3.4	250	-2.4	84	84	210	ЮВ	3.5	3	Вологодская область	61.006376	36.449484
Никольск	-42	-38	-38	-35	-16	-49	7.3	162	-8.5	231	-4.7	250	-3.7	84	84	182	Ю	2.6	2.4	Вологодская область	NA	NA
Тотьма	-39	-36	-36	-32	-16	-46	6.9	161	-8.2	232	-4.5	251	-3.4	84	83	188	Ю	3.1	3.2	Вологодская область	59.973487	42.758873
Воронеж	-31	-29	-25	-24	-13	-37	5.9	130	-5.5	190	-2.5	206	-1.6	82	80	201	З	4	3.3	Воронежская область	51.661535	39.200287
Дербент	-16	-13	-11	-9	-3	-19	5.2	0	-	138	3.7	161	4.5	84	82	179	СЗ	5.2	3.1	Республика Дагестан	42.059022	48.290834
Махачкала	-20	-17	-17	-13	-3	-25	5.6	0	-	144	2.7	164	3.5	83	78	140	СЗ	5.1	4.2	Республика Дагестан	42.984913	47.504646
Южно-Сухокумск	-24	-23	-21	-19	-10	-35	6.2	77	-2.5	162	0.8	178	1.6	88	85	99	В	-	4.2	Республика Дагестан	44.660166	45.649966
Иваново	-38	-34	-34	-30	-17	-45	7.1	152	-7.4	219	-3.9	236	-2.9	85	84	209	Ю	4.9	4.2	Ивановская область	57.000348	40.973921
Кинешма	-39	-35	-33	-31	-17	-45	6.4	155	-7.6	221	-4.1	238	-3.2	84	83	268	ЮЗ	-	4.1	Ивановская область	57.442544	42.168923
Алыгджер	-41	-39	-38	-36	-22	-47	11.3	187	-10.8	264	-6.4	284	-5.3	64	59	63	Ю	3.8	-	Иркутская область	53.638411	98.215559
Бодайбо	-51	-49	-49	-46	-34	-55	7.4	198	-19.1	253	-14.1	267	-12.9	78	77	102	СВ	2.3	1.2	Иркутская область	57.852118	114.198968
Братск	-47	-46	-46	-43	-26	-44	8.2	188	-12.7	249	-8.6	266	-7.5	81	78	95	ЮВ	3.4	2.1	Иркутская область	56.151362	101.63408
Верхняя Гутара	-41	-39	-37	-35	-23	-41	13.3	197	-11.9	267	-7.7	285	-6.7	75	65	32	Ю	2.1	0.9	Иркутская область	54.217647	96.976036
Дубровское	-53	-52	-52	-50	-34	-55	9.2	200	-16.9	257	-12.3	272	-11.1	78	76	143	-	-	-	Иркутская область	NA	NA
Ербогачен	-56	-54	-53	-51	-34	-61	10.8	211	-19.9	261	-15.3	274	-14.2	76	76	81	Ю	2	1.5	Иркутская область	61.274698	108.006135
Жигалово	-50	-48	-46	-44	-31	-54	10.7	190	-17.4	249	-12.3	265	-11.0	81	79	56	З	2.4	0.9	Иркутская область	54.808966	105.159743
Зима	-47	-45	-43	-42	-28	-50	11.8	179	-14.4	239	-9.7	257	-8.5	80	76	92	СЗ	4.9	2.1	Иркутская область	53.92072	102.049146
Ика	-55	-53	-51	-50	-32	-60	13.0	208	-18.6	263	-13.8	277	-12.7	75	74	44	Ю	2.7	1.5	Иркутская область	59.311137	106.345115
Илимск	-50	-49	-48	-45	-30	-59	11.8	195	-15.6	255	-11.0	270	-9.8	79	76	109	В	-	1.8	Иркутская область	57.943039	102.741523
Иркутск	-39	-37	-38	-33	-24	-50	9.2	170	-12	232	-7.7	249	-6.6	81	77	70	ЮВ	3	2.2	Иркутская область	52.286387	104.28066
Ичера	-56	-54	-53	-50	-33	-60	11.9	200	-17.5	254	-12.9	270	-11.6	78	76	131	Ю	-	1.6	Иркутская область	58.887532	109.29776
Киренск	-54	-51	-50	-49	-30	-58	11.5	196	-17.5	251	-12.8	264	-11.7	77	77	95	ЮЗ	3.6	1.8	Иркутская область	57.775747	108.110861
Мама	-50	-49	-48	-46	-34	-56	7.4	198	-17.3	255	-12.6	271	-11.3	77	76	179	ЮВ	-	2.7	Иркутская область	58.306136	112.906257
Марково	-53	-51	-51	-49	-33	-55	11.1	194	-16.9	250	-12.3	265	-11.0	78	76	117	З	4.2	1.8	Иркутская область	NA	NA
Наканно	-59	-57	-56	-54	-38	-61	10.7	216	-21.8	266	-16.9	278	-15.8	78	77	94	Ю	3	1.5	Иркутская область	62.90145	108.446463
Невон	-52	-50	-50	-48	-30	-56	11.3	193	-15.8	253	-11.1	269	-9.9	78	76	103	ЮЗ	-	2.1	Иркутская область	58.047664	102.729144
Непа	-55	-52	-51	-50	-33	-58	11.1	206	-17.4	261	-12.9	277	-11.6	78	77	100	ЮВ	-	2	Иркутская область	59.243634	108.231092
Орлинга	-50	-49	-47	-45	-30	-55	10.8	194	-16.8	252	-12.0	267	-10.8	80	77	92	ЮВ	2.6	1.1	Иркутская область	56.048927	105.851625
Перевоз	-51	-50	-48	-46	-29	-56	9.3	202	-17.3	258	-12.6	271	-11.6	72	70	41	СЗ	3.1	1.7	Иркутская область	NA	NA
Преображенка	-55	-53	-51	-50	-34	-60	10.5	207	-17.8	259	-13.3	274	-12.1	78	77	124	-	-	2.6	Иркутская область	NA	NA
Саянск	-43	-40	-42	-39	-25	-50	-10.2	176	-14	234	-9.1	250	7.9	81	77	86	Ю	4.4	2.2	Иркутская область	54.11081	102.180219
Слюдянка	-32	-31	-30	-28	-22	-40	8.8	177	-11	254	-6.4	274	-5.3	76	68	50	ЮЗ	1.5	-	Иркутская область	51.656333	103.718692
Тайшет	-46	-44	-42	-39	-23	-50	10.1	177	-12.3	237	-8.1	253	-7.1	79	77	98	З	3.4	2.4	Иркутская область	55.940513	98.003044
Тулун	-45	-43	-41	-39	-24	-50	10.0	182	-12.8	241	-8.6	257	-7.5	78	73	60	Ю	2.4	1.8	Иркутская область	54.55712	100.578038
Усть-Ордынский	-46	-44	-44	-41	-30	-50	11.1	183	-15.8	243	-10.9	259	-9.6	80	79	46	С	-	3.1	Бурятский АО	52.805034	104.753183
Нальчик	-24	-21	-20	-18	-9	-31	7.0	86	-2.5	168	0.6	187	1.4	86	81	136	ЮЗ	2.5	1.8	Кабардино-Балкарская Республика	43.484605	43.60709
Калининград	-25	-22	-21	-19	-6	-33	4.8	87	-1.6	188	1.2	213	2.1	86	83	306	З	3.6	2.8	Калининградская область	54.70739	20.507307
Элиста	-29	-26	-24	-23	-10	-34	5.7	108	-3.7	169	-1.0	184	-0.1	88	85	121	В	8.5	6.3	Республика Калмыкия	46.308309	44.270181
Калуга	-34	-31	-30	-27	-15	-46	7.3	142	-6.2	210	-2.9	228	-1.9	83	83	213	Ю	4.9	3.9	Калужская область	54.507014	36.252277
Апука	-34	-31	-30	-28	-16	-40	6.4	212	-9.3	286	-5.8	317	-4.3	75	75	185	СВ	8.5	6.2	Корякский АО	60.442644	169.605636
Ича	-30	-28	-27	-26	-16	-36	7.6	184	-8.3	276	-4.1	306	-2.8	77	76	209	СВ	4.2	4.9	Корякский АО	NA	NA
Ключи	-38	-36	-34	-33	-19	-49	7.8	184	-10.5	251	-6.6	270	-5.5	82	82	303	З	3.9	3.5	Камчатская область	NA	NA
Козыревск	-41	-39	-39	-37	-23	-48	12.0	189	-11.3	256	-7.3	276	-6.1	82	81	234	С	-	-	Камчатская область	56.049184	159.868949
Корф	-35	-32	-31	-29	-19	-41	6.9	208	-10.5	270	-7.1	293	-5.8	72	67	147	С	5.8	5	Корякский АО	NA	NA
Лопатка. мыс	-18	-15	-15	-13	-8	-21	3.2	169	-3.4	297	-0.2	365	1.6	85	82	404	СЗ	11.9	9.5	Камчатская область	NA	NA
Мильково	-43	-40	-40	-38	-25	-51	12.8	191	-12.5	256	-8.3	276	-7.0	82	80	291	ЮЗ	-	1.6	Камчатская область	54.695455	158.620003
Начики	-37	-36	-34	-32	-21	-51	15.2	197	-11.9	275	-7.4	296	-6.2	81	75	409	СЗ	2.8	2	Камчатская область	NA	NA
о. Беринга	-15	-13	-12	-11	-7	-24	3.6	156	-2.5	283	0.4	320	1.4	82	82	302	СВ	8.7	7.2	Камчатская область	NA	NA
Оссора	-35	-34	-32	-31	-19	-41	8.9	206	-10.1	272	-6.6	294	-5.5	78	74	401	С	-	-	Корякский АО	59.244356	163.066924
Петропавловск-Камчатский	-22	-20	-19	-18	-10	-32	5.3	160	-4.8	250	-1.7	277	-0.6	67	64	863	С	5	4.8	Камчатская область	53.036996	158.655954
Семлячики	-19	-18	-16	-15	-9	-25	4.3	167	-4.5	260	-1.5	289	-0.4	67	66	541	СЗ	7.5	5.8	Камчатская область	NA	NA
Соболево	-36	-34	-33	-30	-17	-45	12.2	185	-9.3	268	-5.1	297	-3.7	80	75	331	СВ	2.9	3.2	Камчатская область	NA	NA
Кроноки	-26	-22	-23	-20	-13	-36	7.3	179	-5.7	280	-2.2	312	-1.1	69	64	865	С	-	-	Камчатская область	NA	NA
Ука	-39	-37	-36	-34	-21	-43	9.6	210	-10.3	281	-6.7	305	-5.5	82	81	407	С	9.2	-	Камчатская область	NA	NA
Октябрьская	-32	-30	-28	-25	-18	-42	9.2	180	-7.8	281	-3.5	318	-2.0	81	79	-	СВ	6.4	6.8	Камчатская область	NA	NA
Усть-Воямполка	-41	-38	-36	-34	-20	-45	9.4	201	-11.5	286	-6.8	319	-5.2	84	85	117	ЮВ	3.9	4.4	Корякский АО	NA	NA
Усть-Камчатск	-37	-33	-30	-28	-16	-42	8.3	192	-7.6	277	-4.0	305	-2.8	81	80	664	СЗ	7.1	4.9	Камчатская область	56.237817	162.534583
Усть-Хайрюзово	-38	-34	-33	-30	-17	-42	8.9	189	-9.5	273	-5.2	299	-4.0	80	80	162	ЮВ	5.5	4.4	Камчатская область	NA	NA
Черкесск	-23	-21	-20	-18	-9	-29	8.3	85	-2.5	169	0.6	189	1.5	81	73	119	В	-	3.2	Карачаево-Черкесская Республика	44.226863	42.04677
Кемь	-34	-33	-31	-28	-14	-40	7.2	176	-6.9	255	-3.5	277	-2.5	85	82	125	З	4.7	4.5	Республика Карелия	64.952764	34.561881
Лоухи	-38	-36	-34	-31	-17	-47	8.7	184	-7.6	261	-4.2	281	-3.2	86	86	159	ЮЗ	-	3.1	Республика Карелия	66.075515	33.041321
Олонец	-38	-35	-34	-29	-15	-54	8.4	156	-6.7	233	-3.2	255	-2.1	86	86	215	ЮЗ	6.5	4.2	Республика Карелия	60.979326	32.972645
Паданы	-35	-34	-32	-30	-14	-46	7.1	170	-7.1	246	-3.7	266	-2.7	85	85	142	З	4	3.6	Республика Карелия	63.286475	33.415855
Петрозаводск	-35	-33	-31	-28	-14	-43	6.4	158	-6.6	235	-3.2	256	-2.2	86	84	169	З	4.2	3.2	Республика Карелия	61.789036	34.359688
Реболы	-40	-37	-35	-33	-15	-42	7.6	175	-7.6	248	-4.2	267	-3.3	85	84	184	ЮЗ	3.1	2.5	Республика Карелия	63.827792	30.819068
Сортавала	-36	-32	-31	-29	-14	-43	7.5	151	-6	232	-2.5	253	-1.6	85	-	217	Ю	4.3	2.8	Республика Карелия	61.703306	30.691723
Кемерово	-45	-43	-42	-39	-22	-50	9.5	172	-12	227	-8.0	243	-6.9	78	77	94	Ю	3.4	2.9	Кемеровская область	55.354968	86.087314
Киселевск	-45	-42	-40	-39	-22	-50	8.5	169	-11.2	227	-7.3	242	-6.7	78	75	98	ЮЗ	5.5	-	Кемеровская область	54.006025	86.636706
Кондома	-46	-44	-43	-40	-24	-52	13.6	175	-12	236	-7.8	254	-6.6	82	74	315	ЮЗ	3.6	1.5	Кемеровская область	52.814652	87.855486
Мариинск	-47	-43	-44	-40	-23	-55	9.5	176	-11.6	235	-7.7	251	-6.6	80	77	99	ЮЗ	5.7	-	Кемеровская область	56.20925	87.735094
Тайга	-43	-42	-40	-39	-22	-53	9.2	181	-11.9	240	-8.0	257	-6.8	81	79	169	ЮЗ	5.1	3.7	Кемеровская область	56.062258	85.620801
Тисуль	-44	-43	-42	-39	-20	-51	9.9	172	-11	231	-7.1	248	-6.0	74	71	80	ЮЗ	6.6	3.9	Кемеровская область	56.072881	88.685835
Топки	-46	-42	-42	-39	-23	-51	7.7	180	-11.9	235	-8.2	251	-7.1	84	82	256	Ю	-	-	Кемеровская область	55.276508	85.615223
Усть-Кабырза	-46	-44	-43	-41	-27	-54	13.8	182	-13.2	241	-9.0	259	-7.7	80	73	243	З	-	-	Кемеровская область	52.823686	88.444943
Вятка	-39	-37	-35	-33	-19	-45	7.2	168	-9	231	-5.4	247	-4.8	86	82	167	Ю	5.3	3.9	Кировская область	57.372758	50.048774
Нагорское	-42	-38	-36	-34	-20	-47	6.3	174	-9.5	239	-5.8	258	-4.7	87	87	172	Ю	-	4.4	Кировская область	NA	NA
Савали	-40	-37	-37	-33	-19	-48	7.2	162	-9.1	220	-5.7	235	-4.7	82	80	229	ЮЗ	-	4.7	Кировская область	56.536336	50.63487
Вендинга	-46	-44	-40	-39	-21	-52	8.7	183	-9.9	257	-5.9	277	-4.8	83	83	159	Ю	3.8	3.1	Республика Коми	63.459134	47.969407
Воркута	-46	-45	-43	-41	-26	-52	8.6	239	-12.8	306	-9.1	328	-7.8	81	81	178	Ю	10.1	5.8	Республика Коми	67.49741	64.061091
Объячево	-41	-39	-37	-34	-20	-47	7.0	172	-8.9	239	-5.3	259	-4.2	83	83	182	Ю	-	3.8	Республика Коми	60.335007	49.611869
Петрунь	-48	-47	-45	-43	-23	-53	9.4	221	-12.7	285	-8.8	303	-7.8	80	80	154	ЮЗ	5.4	4.3	Республика Коми	66.472032	60.742615
Печора	-50	-48	-46	-43	-23	-55	8.3	205	-11.7	268	-7.9	288	-6.8	80	80	184	ЮВ	4.5	3.6	Республика Коми	65.148602	57.223977
Сыктывкар	-41	-41	-39	-36	-18	-47	7.5	173	-9.6	243	-5.6	263	-4.5	83	82	169	Ю	5	3.5	Республика Коми	61.668695	50.835734
Троицко-Печорск	-46	-46	-43	-41	-21	-51	8.2	188	-11	258	-6.9	277	-5.8	81	80	202	Ю	3.6	2.9	Республика Коми	62.717125	56.161665
Усть-Уса	-46	-44	-43	-41	-21	-53	7.9	213	-11.6	278	-7.9	299	-6.7	83	83	151	Ю	4.2	4.2	Республика Коми	65.9796	56.913034
Усть-Цильма	-45	-44	-41	-39	-20	-52	7.8	202	-10.6	270	-6.9	290	-5.8	82	82	166	В	4.8	4.1	Республика Коми	65.440688	52.154577
Усть-Щугор	-53	-50	-49	-45	-25	-58	10.0	200	-12	268	-7.9	286	-6.8	82	82	198	Ю	5	3.3	Республика Коми	NA	NA
Ухта	-46	-44	-41	-39	-22	-49	7.4	189	-10.4	261	-6.4	280	-5.4	83	83	161	ЮЗ	4.8	4.1	Республика Коми	63.556478	53.701413
Кострома	-40	-35	-34	-31	-17	-46	6.5	154	-7.4	222	-3.9	239	-3.0	85	81	169	Ю	5.8	4.9	Костромская область	57.767683	40.926418
Чухлома	-41	-37	-36	-32	-18	-46	6.9	160	-7.9	230	-4.3	248	-3.3	85	84	175	Ю		3.9	Костромская область	58.75338	42.6884
Шарья	-40	-37	-36	-32	-18	-44	6.9	162	-8.3	228	-4.7	245	-3.7	86	85	273	Ю	4.5	4.2	Костромская область	58.369849	45.518264
Красная Поляна	-14	-12	-11	-9	-4	-23	7.9	0		155	3.0	181	3.8	83	80	998	С	-	1.4	Краснодарский край	NA	NA
Краснодар	-23	-20	-21	-16	-5	-36	7.0	41	-0.2	145	2.5	165	3.3	81	74	290	В	3.7	2.7	Краснодарский край	45.040216	38.975996
Приморско-Ахтарск	-27	-24	-23	-20	-14	-30	6.0	80	-1.9	159	1.0	175	1.8	85	75	232	В	-	4.3	Краснодарский край	46.051547	38.170432
Сочи	-7	-5	-3	-2	3	-13	6.2	0	-	94	6.6	129	7.2	72	68	789	В	2.5	3.5	Краснодарский край	43.581509	39.722882
Тихорецк	-26	-22	-21	-17	-6	-32	6.5	73	-1.7	156	1.2	172	1.9	85	78	242	В	3.9	3.6	Краснодарский край	45.85468	40.125929
Агата	-57	-55	-54	-53	-38	-59	9.9	233	-22	292	-16.7	307	-15.5	74	75	124	Ю	2.9	1.5	Красноярский край	67.239827	92.920287
Ачинск	-44	-39	-41	-36	-21	-60	7.2	175	-10.6	232	-7.0	250	-5.8	75	72	93	ЮЗ	4.8	4.2	Красноярский край	56.253827	90.479474
Байкит	-54	-53	-51	-50	-34	-57	8.6	211	-18.8	266	-14.1	280	-12.9	77	76	146	Ю	1.8	1.2	Эвенкийский АО	61.678423	96.377965
Боготол	-46	-43	-43	-39	-22	-53	7.8	178	-11.5	239	-7.6	257	-6.4	77	75	106	ЮЗ	-	4.3	Красноярский край	56.209896	89.530009
Богучаны	-51	-48	-49	-45	-27	-54	9.6	186	-15.3	244	-10.7	259	-9.6	79	77	78	З	3.2	1.9	Красноярский край	58.379925	97.4452
Ванавара	-56	-55	-52	-50	-33	-61	12.4	206	-18.7	260	-14.0	274	-12.8	78	77	103	Ю	2.4	1.5	Эвенкийский АО	60.340667	102.288952
Вельмо	-55	-54	-52	-49	-33	-59	13.2	207	-17.1	264	-12.5	280	-11.3	79	79	184	З	-	1.6	Красноярский край	61.021362	93.42593
Верхнеимбатск	-55	-51	-51	-48	-28	-57	7.9	212	-15.7	265	-11.7	280	-10.6	80	80	182	ЮВ	3.2	2.6	Красноярский край	63.154819	87.966752
Волочанка	-56	-53	-53	-49	-34	-59	9.1	252	-21	300	-17.0	316	-15.6	76	77	93	В	6.5	3.8	Красноярский край	NA	NA
Диксон	-44	-43	-42	-40	-29	-48	6.8	267	-17.4	365	-11.5	365	-11.5	84	84	130	Ю	9.6	6.7	Таймырский АО	NA	NA
Дудинка	-53	-50	-47	-46	-31	-57	8.3	247	-19	296	-15.2	310	-14.1	74	74	202	Ю	6.7	5	Таймырский АО	69.403185	86.190818
Енисейск	-53	-49	-50	-46	-27	-59	11.5	187	-13.9	245	-9.6	262	-8.4	79	78	141	ЮВ	3.7	2.8	Красноярский край	58.448619	92.165163
Ессей	-57	-56	-56	-55	-39	-59	10.5	245	-23.1	296	-18.4	311	-17.1	79	78	39	СЗ	3.1	2.2	Эвенкийский АО	NA	NA
Игарка	-54	-52	-50	-49	-31	-57	8.4	233	-22	292	-16.7	307	-15.5	76	76	157	Ю	5.4	3.8	Красноярский край	67.466723	86.581361
Канск	-48	-46	-45	-42	-25	-51	10.4	178	-13.1	237	-8.8	254	-7.7	77	75	80	З	7.3	3.7	Красноярский край	56.20506	95.705109
Кежма	-54	-52	-51	-48	-32	-60	11.9	196	-17	252	-12.3	268	-11.1	78	77	79	ЮЗ	4.5	2.7	Красноярский край	58.343423	98.830689
Ключи	-45	-43	-40	-39	-23	-50	9.1	177	-11.5	240	-7.4	257	-6.3	75	71	156	З	-	2.5	Красноярский край	56.31606	160.846397
Красноярск	-42	-39	-40	-37	-20	-48	8.4	171	-10.7	233	-6.7	250	-5.7	78	75	104	З	4.3	2.6	Красноярский край	56.010569	92.852545
Минусинск	-44	-41	-41	-40	-24	-52	12.1	163	-12.2	221	-7.9	238	-6.7	77	72	46	ЮЗ	4.1	1.3	Красноярский край	53.710548	91.68725
Таимба	-55	-53	-53	-51	-35	-58	12.6	207	-18.5	264	-13.6	280	-12.3	76	73	101	З	-	1.2	Красноярский край	60.442311	98.814196
Троицкое	-51	-50	-49	-41	-28	-57	13.1	188	-14.4	251	-9.8	268	-8.6	76	73	121	ЮЗ	-	1.9	Красноярский край	NA	NA
Тура	-56	-55	-54	-53	-40	-59	8.5	218	-22.3	270	-17.2	283	-16.0	77	77	81	З	1.9	1.7	Эвенкийский АО	NA	NA
Туруханск	-54	-52	-49	-49	-30	-61	8.3	225	-17.1	274	-13.3	289	-12.1	75	76	174	Ю	5.2	3.6	Красноярский край	65.793214	87.95917
Хатанга	-55	-52	-52	-49	-36	-59	7.8	255	-22.2	304	-18.0	319	-16.7	76	76	71	ЮЗ	5.2	4.4	Таймырский АО	NA	NA
Челюскин. мыс	-46	-44	-44	-41	-33	-49	7.0	311	-17.3	365	-14.7	365	-14.7	84	84	-	ЮЗ	9.3	6.7	Таймырский АО	NA	NA
Ярцево	-53	-50	-50	-47	-29	-56	9.9	198	-14.9	254	-10.8	270	-9.6	79	78	170	ЮВ	4.7	3.6	Красноярский край	NA	NA
Курган	-42	-40	-39	-36	-21	-48	8.5	161	-11.3	212	-7.6	229	-6.3	80	79	89	Ю	5.6	4.4	Курганская область	55.441606	65.344316
Курск	-29	-27	-24	-24	-12	-35	5.6	132	-5.3	194	-2.3	211	-1.4	85	83	217	З	3.9	3.6	Курская область	51.730361	36.192647
Липецк	-34	-31	-29	-27	-15	-38	6.8	141	-6.6	202	-3.4	218	-2.5	85	84	248	ЮЗ	5.9	4.8	Липецкая область	52.61022	39.594719
Санкт-Петербург	-32	-27	-28	-24	-11	-36	5.3	131	-4.6	213	-1.3	232	-0.4	86	84	202	З	3.3	2.5	Ленинградская область	59.939095	30.315868
Свирица	-37	-34	-32	-29	-15	-48	7.1	152	-6.4	228	-2.9	249	-1.9	86	86	231	Ю	5.5	4.2	Ленинградская область	60.465819	32.913248
Тихвин	-37	-34	-33	-29	-13	-51	7.0	148	-6.2	223	-2.7	243	-1.8	86	85	257	Ю	3.3	2.8	Ленинградская область	59.644118	33.542886
Аркагала	-56	-54	-54	-51	-42	-58	7.5	238	-24.1	289	-19.0	304	-17.7	73	72	45	СЗ	6.4	2.5	Магаданская область	63.146137	146.928367
Брохово	-41	-37	-37	-35	-23	-46	7.1	214	-13.3	278	-9.3	299	-8.0	78	77	211	СЗ	9.8	5	Магаданская область	NA	NA
Магадан (Нагаева. бухта)	-31	-30	-31	-29	-20	-35	4.5	210	-11.3	279	-7.5	302	-6.2	64	63	114	СВ	4.6	3.8	Магаданская область	NA	NA
Омсукчан	-56	-53	-54	-50	-38	-56	8.0	234	-21.9	286	-17.2	301	-15.9	74	74	80	СВ	6.9	2.8	Магаданская область	62.515447	155.783357
Палатка	-46	-41	-44	-38	-27	-44	9.1	222	-14.6	280	-10.7	301	-9.3	69	69	77	В	7.6	3	Магаданская область	60.113392	150.946459
Среднекан	-58	-53	-55	-52	-42	-56	6.3	229	-23.9	274	-19.3	287	-17.9	77	76	160	ЮЗ	2	1.6	Магаданская область	62.295972	152.552306
Сусуман	-58	-57	-56	-54	-41	-61	8.2	231	-25.5	274	-20.8	292	-19.0	75	73	50	СВ	3.6	1.7	Магаданская область	62.780526	148.154037
Йошкар-Ола	-41	-37	-36	-33	-17	-47	7.2	154	-8.4	215	-4.9	232	-3.8	83	83	160	Ю	4.9	4.3	Республика Марий Эл	56.634407	47.899878
Саранск	-38	-34	-34	-30	-17	-44	6.7	150	-7.9	209	-4.5	225	-3.6	83	83	155	Ю	6.9	5.8	Республика Мордовия	54.180857	45.186319
Дмитров	-36	-33	-32	-28	-15	-43	6.3	147	-6.5	216	-3.1	235	-2.2	84	84	183	Ю	5.2	3.8	Московская область	56.344157	37.520015
Кашира	-36	-32	-31	-27	-16	-44	6.3	147	-6.7	212	-3.4	229	-2.5	85	85	167	З	-	5	Московская область	54.836378	38.150803
Москва	-35	-28	-29	-25	-13	-43	5.4	135	-5.5	205	-2.2	223	-1.3	83	82	225	З	2	2	Московская область	55.75396	37.620393
Вайда-Губа	-23	-20	-19	-16	-9	-27	5.4	180	-3.7	287	-0.8	321	0.3	85	84	217	ЮЗ	8.8	7.1	Мурманская область	69.938096	31.965507
Кандалакша	-38	-35	-34	-30	-15	-44	8.6	190	-8.1	265	-4.6	285	-3.7	85	86	164	С	3.3	2.8	Мурманская область	67.156727	32.414306
Ковдор	-41	-38	-36	-35	-17	-44	7.9	198	-8.2	271	-4.9	293	-3.9	84	83	159	З	2.7	2.1	Мурманская область	67.56616	30.474295
Краснощелье	-42	-40	-37	-35	-17	-49	9.3	204	-8.9	279	-5.4	301	-4.3	86	86	141	З	3.6	2.6	Мурманская область	67.349847	37.053197
Ловозеро	-40	-38	-33	-31	-19	-47	10.3	204	-8.5	281	-5.0	304	-4.0	85	85	114	З	3.9	3.3	Мурманская область	68.01856	34.99892
Мончегорск	-40	-38	-34	-30	-18	-44	9.5	193	-7.9	271	-4.5	291	-3.6	84	84	126	Ю	5.7	4.3	Мурманская область	67.938579	32.935948
Мурманск	-35	-33	-32	-30	-14	-39	6.5	189	-6.9	275	-3.4	300	-2.4	84	84	138	Ю	5.6	4.9	Мурманская область	68.969563	33.07454
Ниванкюль	-46	-40	-38	-36	-18	-45	9.0	191	-8.2	271	-4.6	292	-3.6	83	83	169	ЮЗ	-	2.5	Мурманская область	68.353807	30.721862
Пулозеро	-44	-39	-40	-35	-19	-47	9.3	198	-8.3	277	-4.8	299	-3.8	84	81	129	Ю	2.5	3	Мурманская область	68.359445	33.302766
Пялица	-32	-29	-28	-25	-16	-38	7.2	194	-6.5	298	-2.8	354	-0.9	86	86	133	ЮЗ	-	5.7	Мурманская область	66.583896	39.334307
Териберка	-26	-24	-23	-22	-11	-31	5.8	190	-5.2	282	-2.2	313	-1.1	79	79	149	Ю	9.2	7.9	Мурманская область	69.164588	35.142274
Терско-Орловский	-29	-27	-24	-22	-16	-38	6.5	200	-6.3	312	-2.5	365	-0.9	87	87	134	ЮЗ	-	7.1	Мурманская область	67.20773	41.3228
Умба	-37	-34	-32	-31	-15	-40	7.1	187	-7.3	263	-4.0	284	-3.1	86	85	164	С	4.7	3.9	Мурманская область	66.677957	34.352071
Юкспор	-31	-26	-27	-24	-18	-35	4.8	243	-8.1	340	-4.5	365	-3.7	92	91	389	ЮЗ	-	5.1	Мурманская область	NA	NA
Арзамас	-40	-36	-35	-32	-17	-43	7.0	156	-8.1	216	-4.1	232	-3.8	85	84	238	ЮЗ	7.5	4.1	Нижегородская область	55.386666	43.815687
Выкса	-38	-34	-33	-30	-16	-45	6.9	149	-7.3	212	-4.0	228	-3.1	85	82	232	ЮЗ	-	3.4	Нижегородская область	55.320683	42.167961
Нижний Новгород	-38	-34	-34	-31	-17	-41	6.1	151	-7.5	215	-4.1	231	-3.2	84	80	172	ЮЗ	5.1	3.7	Нижегородская область	56.326887	44.005986
Боровичи	-39	-34	-32	-29	-13	-54	6.6	145	-6.4	220	-2.8	239	-1.8	85	83	144	ЮВ	3.9	3.4	Новгородская область	58.388219	33.914025
Великий Новгород	-38	-31	-33	-27	-14	-45	6.8	143	-5.7	221	-2.3	239	-1.4	85	85	176	Ю	6.6	4.6	Новгородская область	58.521475	31.275475
Барабинск	-44	-42	-42	-39	-25	-48	9.2	177	-12.9	230	-9.0	243	-8.0	82	81	104	ЮЗ	6.5	6.3	Новосибирская область	55.351508	78.346415
Болотное	-42	-41	-40	-39	-22	-51	8.1	173	-11.7	228	-7.9	246	-6.6	80	77	123	ЮЗ	3.9	2.9	Новосибирская область	55.669336	84.390711
Карасук	-42	-41	-40	-37	-24	-46	9.5	169	-12.7	218	-8.9	232	-7.8	80	79	68	ЮЗ	-	-	Новосибирская область	53.734326	78.042362
Кочки	-45	-42	-43	-39	-25	-50	9.3	175	-12.9	228	-8.9	242	-7.9	81	80	90	ЮЗ	-	-	Новосибирская область	54.33445	80.485007
Купино	-42	-41	-40	-38	-23	-47	8.7	167	-12.6	215	-8.9	232	-7.6	80	79	65	Ю	5.7	4.7	Новосибирская область	54.366046	77.297254
Кыштовка	-46	-43	-42	-40	-25	-52	9.9	176	-12.9	231	-8.9	248	7.7	80	78	87	ЮЗ	-	-	Новосибирская область	56.563467	76.626626
Новосибирск	-43	-41	-41	-37	-22	-50	9.0	169	-11.8	221	-8.1	238	-6.9	79	76	104	Ю	4.7	3.7	Новосибирская область	55.030199	82.92043
Татарск	-43	-41	-40	-38	-23	-50	8.7	168	-12.2	220	-8.3	236	-7.1	81	80	88	ЮЗ	3.7	3.4	Новосибирская область	55.214532	75.97409
Чулым	-44	-42	-42	-39	-25	-52	9.2	177	-12.7	230	-8.8	244	-7.8	80	79	111	ЮЗ	6.2	-	Новосибирская область	55.091258	80.963288
Исиль-Куль	-43	-40	-39	-36	-24	-46	9.4	174	-12.3	225	-8.6	238	-7.7	82	80	78	ЮЗ	5.2	-	Омская область	54.909168	71.267475
Омск	-42	-40	-38	-37	-22	-49	8.6	165	-11.9	216	-8.1	232	-6.9	80	78	104	ЮЗ	2.8	2.8	Омская область	54.989342	73.368212
Тара	-46	-43	-41	-38	-23	-50	9.3	171	-12.4	229	-8.2	245	-7.0	78	78	97	Ю	3	3	Омская область	56.897015	74.370795
Черлак	-41	-40	-39	-37	-22	-44	8.4	164	-12.3	211	-8.7	227	-7.4	82	81	98	ЮЗ	3.4	3.1	Омская область	54.155114	74.804456
Кувандык	-41	-38	-34	-30	-20	-44	8.1	153	-10.6	204	-6.9	217	-6.0	76	74	169	З	5.7	4.1	Оренбургская область	51.478483	57.361177
Оренбург	-36	-34	-34	-32	-18	-43	7.8	149	-9.2	195	-6.1	208	-5.1	79	77	134	В	5.9	4.5	Оренбургская область	51.768199	55.096955
Сорочинск	-36	-34	-33	-29	-20	-43	8.1	153	-9.6	201	-6.3	215	-5.3	81	79	116	ЮВ	7.6	4.1	Оренбургская область	52.429097	53.151106
Орел	-31	-29	-26	-25	-13	-39	6.0	135	-5.5	199	-2.4	216	-1.5	84	82	178	Ю	4.7	4	Орловская область	52.967187	36.069613
Земетчино	-37	-34	-30	-28	-15	-43	6.9	142	-7	200	-3.8	216	-2.9	85	84	179	Ю	4.3	3.6	Пензенская область	53.496016	42.614568
Пенза	-34	-31	-29	-27	-15	-43	6.5	143	-7.3	200	-4.1	214	-3.2	83	82	221	ЮЗ	4.4	3.9	Пензенская область	53.194546	45.019529
Бисер	-44	-39	-38	-35	-23	-53	7.1	183	-10.7	250	-6.7	270	-5.6	85	86	264	ЮЗ	3.8	3	Пермская область	NA	NA
Ножовка	-44	-42	-40	-36	-21	-50	7.1	164	-9.6	221	-6.1	237	-5.1	80	77	183	ЮЗ	-	2.9	Пермская область	NA	NA
Пермь	-42	-38	-36	-35	-18	-41	7.1	161	-9.3	225	-5.5	243	-4.4	82	81	181	Ю	3.4	2.8	Пермская область	58.010259	56.234195
Чердынь	-45	-42	-40	-37	-22	-52	6.9	176	-10.9	245	-6.7	261	-5.7	86	83	229	Ю	-	4.3	Пермская область	60.401121	56.480082
Агзу	-34	-32	-30	-28	-16	-43	16.1	165	-12.8	231	-7.9	249	-6.6	69	64	116	СЗ	-	1.4	Приморский край	47.592596	138.393105
Анучино	-35	-33	-33	-31	-25	-44	16.6	152	-12.2	203	-8.1	219	-6.8	73	59	120	ЮЗ	-	2.2	Приморский край	43.964046	133.054408
Астраханка	-30	-29	-28	-26	-23	-40	10.6	148	-10.5	202	-6.6	218	-5.5	68	63	47	ЮЗ	-	3.4	Приморский край	44.720761	132.056569
Богополь	-26	-25	-23	-21	-18	-30	9.3	142	-8.1	208	-4.2	229	-2.9	52	46	101	СЗ	-	4.1	Приморский край	44.248388	135.456818
Владивосток	-27	-24	-24	-23	-16	-31	7.5	136	-8.2	198	-4.3	220	-3.0	59	52	89	С	7.3	5.2	Приморский край	43.116391	131.882421
Дальнереченск	-33	-30	-29	-29	-23	-42	10.4	151	-12.8	199	-8.7	214	-7.5	73	64	82	З	2.9	3	Приморский край	45.93085	133.731738
Кировский	-37	-35	-34	-31	-25	-44	13.7	151	-13.3	201	-8.8	217	-7.5	73	69	98	Ю	-	2.1	Приморский край	45.270018	35.215917
Красный Яр	-39	-36	-35	-34	-25	-47	17.1	164	-14.7	217	-10.0	234	-8.6	75	66	129	ЮЗ	-	1.4	Приморский край	NA	NA
Маргаритово	-26	-25	-22	-21	-14	-36	14.7	144	-8	209	-4.1	227	-3.0	58	52	147	СЗ	-	2	Приморский край	NA	NA
Мельничное	-35	-34	-32	-31	-26	-49	16.1	165	-14.3	221	-9.6	239	-8.2	73	63	97	З	4.2	2.2	Приморский край	NA	NA
Партизанск	-26	-24	-23	-22	-18	-30	9.9	139	-8.2	198	-4.5	216	-3.4	54	47	128	С	8.4	5	Приморский край	43.127966	133.126543
Посьет	-23	-22	-20	-19	-14	-27	8.3	125	-6.4	187	-2.9	207	-1.7	53	49	67	З	6.7	4.4	Приморский край	42.652752	130.801568
Преображение	-22	-20	-18	-16	-12	-27	9.3	123	-5.3	202	-1.6	229	-0.3	45	42	123	С	3.7	3.3	Приморский край	42.899915	133.906532
Рудная Пристань	-23	-22	-21	-19	-15	-31	9.9	137	-7.3	215	-3.1	240	-1.9	47	43	119	З	4.6	3.5	Приморский край	44.365531	135.820294
Сосуново	-26	-24	-23	-22	-14	-30	9.4	153	-8.7	245	-3.8	266	-2.7	53	47	76	З	-	6.9	Приморский край	NA	NA
Чугуевка	-36	-35	-33	-32	-26	-47	17.2	158	-12.9	211	-8.6	227	-7.3	76	65	129	СЗ	-	1.4	Приморский край	44.164618	133.865497
Великие Луки	-34	-30	-29	-27	-12	-46	6.3	130	-4.9	208	-1.5	228	-0.6	83	81	174	Ю	4.2	3.6	Псковская область	56.34265	30.523397
Псков	-35	-29	-28	-26	-10	-41	6.8	130	-4.6	208	-1.3	229	-0.4	83	78	198	Ю	3.5	3.3	Псковская область	57.819365	28.331786
Миллерово	-27	-25	-23	-21	-11	-36	6.1	118	-4.6	179	-1.7	195	-0.8	83	81	192	В	6.1	4.3	Ростовская область	48.921546	40.396663
Ростов-на-Дону	-25	-23	-22	-19	-9	-33	5.2	97	-2.8	166	-0.1	182	0.7	82	77	219	В	4.8	-	Ростовская область	47.222531	39.718705
Таганрог	-24	-22	-21	-18	-8	-32	5.1	97	-2.6	165	0.0	180	0.8	85	82	232	В	4	3.6	Ростовская область	47.20958	38.935194
Рязань	-36	-33	-30	-27	-16	-41	7.0	145	-6.8	208	-3.5	224	-2.6	83	84	172	Ю	7.3	4.8	Рязанская область	54.629148	39.735243
Самара	-39	-36	-36	-30	-18	-43	6.7	149	-8.5	203	-5.2	217	1.3	84	78	176	ЮВ	5.4	4	Самарская область	53.195533	50.101801
Александров Гай	-31	-30	-29	-28	-17	-40	8.3	141	-8.3	191	-5.2	204	-4.2	82	79	127	В	-	4.9	Саратовская область	50.143687	48.574234
Балашов	-34	-33	-32	-29	-16	-38	6.5	142	-7.4	199	-4.2	213	-3.2	84	82	171	ЮВ	7.3	5.1	Саратовская область	51.554645	43.146415
Саратов	-32	-28	-29	-25	-14	-37	5.9	134	-6.5	188	-3.5	202	-2.6	80	80	183	СЗ	4.4	3.3	Саратовская область	51.533103	46.034158
Александровск-Сахалинский	-31	-29	-28	-27	-21	-41	8.4	167	-10.9	237	-6.4	257	-5.2	79	73	189	ЮВ	5.9	4.6	Сахалинская область	50.894524	142.159382
Долинск	-29	-27	-25	-24	-18	-35	10.1	154	-8.1	231	-4.0	253	-2.9	78	67	348	Ю	5.6	3.8	Сахалинская область	47.326234	142.793395
Кировское	-40	-39	-38	-36	-29	-48	14.4	183	-13.9	246	-9.2	263	-8.0	79	77	172	СЗ	5.7	2.7	Сахалинская область	NA	NA
Корсаков	-25	-23	-23	-20	-16	-33	8.0	147	-6.7	232	-2.7	255	-1.9	76	66	223	С	5.6	4.7	Сахалинская область	46.633754	142.780297
Курильск	-20	-16	-18	-15	-10	-27	6.4	126	-3.9	223	-0.4	253	0.7	82	79	466	СЗ	9.5	6.3	Сахалинская область	45.225174	147.883761
Макаров	-27	-26	-24	-23	-19	-32	8.6	158	-8.6	241	-4.2	264	-3.0	66	59	212	СЗ	-	3.4	Сахалинская область	48.625101	142.778851
Невельск	-20	-18	-17	-16	-12	-25	4.8	140	-5.6	219	-2.1	241	-1.1	74	72	332	С	7.4	6.7	Сахалинская область	46.652779	141.863135
Ноглики	-32	-32	-30	-30	-23	-48	8.9	182	-11.7	254	-7.2	274	-6.0	76	69	188	З	5.3	4.2	Сахалинская область	51.790159	143.129508
Оха	-34	-32	-31	-29	-25	-39	6.8	194	-11.5	266	-7.3	286	-6.1	81	81	192	СЗ	11.2	5.9	Сахалинская область	53.584521	142.947186
Погиби	-34	-33	-31	-30	-24	-44	7.7	190	-12.6	249	-8.7	265	-7.6	82	79	152	С	6.1	4.5	Сахалинская область	52.221758	141.885944
Поронайск	-30	-28	-27	-26	-20	-40	9.9	166	-10.5	245	-5.8	267	-4.6	70	63	172	С	3.9	3.5	Сахалинская область	49.22038	143.08956
Рыбновск	-38	-36	-35	-33	-27	-45	8.5	193	-13.1	255	-8.9	272	-7.3	84	84	135	СЗ	-	5.3	Сахалинская область	NA	NA
Холмск	-22	-21	-19	-18	-15	-25	5.9	140	-6	220	-2.3	244	-1.2	75	68	305	ЮВ	10.7	6.4	Сахалинская область	47.040905	142.041622
Южно-Курильск	-16	-15	-15	-13	-9	-20	5.6	119	-3.7	225	0.0	253	1.0	73	68	347	СЗ	6.8	5.4	Сахалинская область	44.027087	145.858078
Южно-Сахалинск	-25	-24	-24	-22	-17	-36	10.7	153	-8.5	227	-4.4	249	-3.2	82	70	268	С	3.3	2.7	Сахалинская область	46.959179	142.738041
Верхотурье	-45	-41	-40	-36	-20	-52	9.2	165	-10.8	233	-6.4	252	-5.3	79	78	114	З	3.1	2.5	Свердловская область	58.862198	60.810393
Екатеринбург	-41	-38	-37	-32	-18	-47	6.8	158	-9.2	221	-5.4	239	-4.3	78	75	112	З	4.1	3.2	Свердловская область	56.838607	60.605514
Ивдель	-46	-43	-42	-39	-22	-49	10.6	176	-12.2	245	-7.6	264	-6.4	78	77	114	С	2.8	1.8	Свердловская область	60.694531	60.424477
Каменск-Уральский	-42	-40	-38	-35	-20	-46	8.5	166	-10.7	222	-6.9	240	-5.7	78	76	116	ЮЗ	-	3.2	Свердловская область	56.414897	61.918905
Туринск	-44	-42	-40	-35	-21	-51	9.9	169	-11.7	226	-7.7	245	-6.4	80	77	106	ЮЗ	-	3.5	Свердловская область	58.039442	63.698144
Шамары	-42	-40	-38	-35	-20	-51	8.0	171	-10.4	235	-6.4	254	-5.2	82	78	205	ЮЗ	-	3.2	Свердловская область	57.338917	58.21896
Владикавказ	-19	-17	-15	-13	-7	-28	9.1	90	-2.1	169	0.7	189	1.6	81	69	176	Ю	2	1.6	Республика Северная Осетия - Алания	43.020603	44.681888
Вязьма	-35	-32	-29	-27	-15	-43	6.3	145	-6.1	217	-2.8	236	-1.8	87	86	284	ЮВ	-	4.4	Смоленская область	55.205944	34.298037
Смоленск	-33	-28	-26	-25	-12	-40	5.6	136	-5.3	209	-2.0	227	-1.1	86	85	234	З	3.9	3.4	Смоленская область	54.782526	32.044128
Арзгир	-30	-26	-25	-22	-10	-37	6.2	88	-3	163	0.1	180	1.0	86	83	115	В	4.6	3.1	Ставропольский край	45.369727	44.221187
Кисловодск	-22	-20	-18	-16	-6	-29	9.4	91	-2.4	179	0.4	201	1.6	70	56	-	Ю	-	2.3	Ставропольский край	43.905232	42.716778
Невинномысск	-23	-21	-20	-18	-6	-36	8.0	92	-3.2	168	0.1	186	1.0	84	81	152	В	-	4.1	Ставропольский край	44.622673	41.947605
Пятигорск	-26	-23	-22	-20	-7	-33	8.3	97	-2.7	175	0.2	191	0.9	83	73	114	В	6.3	3.4	Ставропольский край	44.041163	43.066124
Ставрополь	-25	-23	-22	-18	-6	-31	6.6	91	-2.2	168	0.5	185	1.3	84	78	159	В	7.4	4	Ставропольский край	45.044502	41.969065
Тамбов	-34	-32	-30	-28	-16	-39	6.7	140	-7	201	-3.7	217	-2.7	84	83	194	ЮВ	4.7	4	Тамбовская область	52.721246	41.452238
Бугульма	-40	-36	-36	-33	-19	-47	6.7	164	-9.2	221	-5.8	235	-4.9	86	85	264	ЮЗ	7.5	5.4	Республика Татарстан	54.536413	52.789489
Елабуга	-40	-36	-34	-32	-17	-47	7.1	152	-8.7	209	-5.2	223	-4.3	82	81	177	ЮЗ	4.1	3.1	Республика Татарстан	55.756629	52.054415
Казань	-41	-33	-33	-31	-16	-47	6.5	151	-8.1	208	-4.8	223	-3.8	83	82	171	Ю	3.8	3.4	Республика Татарстан	55.795793	49.106585
Бежецк	-38	-34	-34	-31	-16	-52	6.8	151	-6.8	222	-3.4	240	-2.4	84	84	169	ЮЗ	5	4	Тверская область	57.78567	36.693871
Ржев	-37	-33	-31	-28	-15	-41	6.6	144	-6.1	217	-2.7	236	-1.8	85	85	210	Ю	-	3.6	Тверская область	56.262877	34.329065
Тверь	-37	-33	-33	-29	-15	-50	7.2	146	-6.4	218	-3.0	236	-2.0	85	85	206	ЮЗ	6.2	4.1	Тверская область	56.859611	35.911896
Александровское	-49	-46	-44	-43	-25	-53	9.0	196	-13.4	252	-9.5	269	-8.4	81	81	114	ЮЗ	3.9	3.5	Томская область	NA	NA
Колпашево	-47	-45	-43	-42	-24	-51	8.6	185	-12.9	243	-8.8	260	-7.7	80	80	123	Ю	3.1	2.9	Томская область	58.311384	82.902679
Средний Васюган	-47	-46	-44	-41	-23	-51	8.6	185	-12.8	243	-8.8	260	-7.6	81	80	136	Ю	3.2	2.7	Томская область	59.221086	78.237243
Томск	-44	-43	-41	-39	-22	-55	8.2	176	-11.8	233	-7.9	249	-6.8	79	78	171	Ю	2.4	2.2	Томская область	56.48468	84.948197
Усть-Озерное	-48	-47	-44	-43	-25	-52	9.0	190	-13.5	249	-9.3	264	-8.3	80	80	155	Ю	2.8	2.2	Томская область	58.903101	87.741607
Кызыл	-49	-48	-48	-47	-37	-54	10.9	178	-20.1	225	-15.0	238	-13.7	73	69	58	В	1.7	1.4	Республика Тыва	51.719086	94.437757
Тула	-35	-31	-30	-27	-15	-42	6.8	140	-6.4	207	-3.0	224	-2.1	83	82	187	ЮВ	4.9	4	Тульская область	54.193033	37.617752
Березово	-50	-45	-45	-42	-25	-53	8.8	208	-13.8	266	-9.9	284	-8.7	81	81	131	Ю	3.9	4	Ханты-Мансийский АО	NA	NA
Демьянское	-47	-45	-44	-40	-24	-51	8.4	179	-12.1	241	-8.0	258	-6.8	81	80	115	Ю	4.6	-	Тюменская область	59.593966	69.324706
Кондинское	-47	-44	-44	-40	-25	-49	8.9	183	-12.3	238	-8.6	256	-7.4	84	84	107	Ю	4.7	3.8	Ханты-Мансийский АО	NA	NA
Леуши	-45	-43	-41	-37	-21	-48	7.9	176	-11.4	237	-7.4	255	-6.3	80	79	115	Ю	2.9	3.1	Тюменская область	NA	NA
Марресаля	-46	-45	-42	-39	-24	-50	8.0	249	-14.4	365	-8.0	365	-8.0	82	81	91	ЮЗ	7.7	6.1	Тюменская область	NA	NA
Надым	-52	-49	-41	-45	-28	-58	8.8	225	-15.3	278	-11.5	294	-10.4	80	79	118	Ю	4.5	3.6	Тюменская область	NA	NA
Октябрьское	-46	-45	-44	-41	-26	-54	7.9	199	-12.9	257	-9.1	276	-7.8	82	83	159	ЮВ	2.8	2	Тюменская область	NA	NA
Салехард	-49	-47	-45	-43	-27	-54	9.2	228	-15.5	285	-11.5	303	-10.3	82	82	106	Ю	4.6	3.1	Тюменская область	NA	NA
Сосьва	-51	-48	-49	-44	-28	-55	11.3	198	-13.9	261	-9.5	280	-8.3	80	80	127	ЮВ	-	-	Тюменская область	NA	NA
Сургут	-48	-47	-45	-43	-27	-55	9.7	200	-13.8	257	-9.9	274	-8.8	79	78	209	ЮЗ	5.3	5	Ханты-Мансийский АО	61.254052	73.396204
Тарко-Сале	-54	-50	-49	-41	-28	-55	8.9	227	-16.1	274	-12.6	290	-11.4	79	79	137	Ю	3.7	3.4	Ямало-Ненецкий АО	64.911819	77.761055
Тобольск	-47	-43	-44	-39	-23	-52	9.1	171	-12.2	232	-7.9	248	-6.8	81	80	110	Ю	4.2	3.3	Тюменская область	58.201698	68.253762
Тюмень	-44	-41	-42	-35	-20	-50	8.8	163	-10.9	223	-6.9	241	-5.7	79	77	107	ЮЗ	3	2.7	Тюменская область	57.153033	65.534328
Угут	-49	-46	-45	-42	-26	-54	9.4	191	-13.3	251	-9.1	270	-7.9	82	80	123	ЮЗ	4.4	-	Тюменская область	NA	NA
Уренгой	-53	-50	-49	-46	-31	-56	9.9	236	-16.8	286	-13.1	304	-11.8	78	78	117	ЮЗ	-	-	Ямало-Ненецкий АО	66.083963	76.680974
Ханты-Мансийск	-46	-45	-44	-40	-25	-49	8.3	191	-12.6	247	-8.8	264	-7.6	82	83	139	З	3.1	2.8	Ханты-Мансийский АО	61.002486	69.018408
Глазов	-42	-39	-38	-35	-20	-50	8.0	168	-9.7	231	-6.0	247	-5.0	85	84	248	ЮЗ	4.9	-	Удмуртская Республика	58.135907	52.663446
Ижевск	-41	-36	-35	-33	-18	-48	7.2	160	-9.1	219	-5.6	236	-4.6	83	82	152	Ю	5.5	4.1	Удмуртская Республика	56.852775	53.211463
Сарапул	-40	-36	-35	-33	-17	-48	7.2	159	-9	215	-5.6	231	-4.6	82	82	178	Ю	3.6	3.2	Удмуртская Республика	56.461621	53.803678
Сурское	-39	-36	-36	-31	-18	-46	9.3	152	-8.2	211	-4.8	226	-3.9	81	80	140	ЮЗ	-	3.4	Ульяновская область	54.480219	46.713769
Ульяновск	-38	-36	-36	-31	-19	-48	7.4	155	-8.9	212	-5.4	228	-4.4	82	81	220	-	-	-	Ульяновская область	54.317002	48.402243
Аян	-33	-31	-30	-28	-24	-37	7.2	203	-11.7	278	-7.4	300	-6.2	50	47	129	СЗ	-	3.4	Хабаровский край	NA	NA
Байдуков	-37	-35	-34	-31	-27	-44	7.6	198	-12.8	255	-9.0	271	-7.9	81	80	-	СЗ	-	5.9	Хабаровский край	53.324169	141.423311
Бикин	-38	-34	-35	-32	-27	-46	12.8	159	-13.3	208	-9.1	223	-7.8	76	66	96	ЮВ	3.2	2	Хабаровский край	46.818592	134.255034
Бира	-37	-35	-34	-31	-27	-43	11.0	166	-13.4	220	-9.1	234	-7.9	70	64	85	З	-	-	Хабаровский край	49.004841	132.471537
Биробиджан	-38	-34	-35	-32	-28	-43	14.9	169	-14.8	219	-10.4	234	-9.2	74	65	84	З	-	-	Хабаровский край	48.794668	132.921799
Вяземский	-38	-34	-34	-31	-27	-48	11.9	163	-13.5	213	-9.3	227	-8.1	74	66	114	ЮЗ	4.1	-	Хабаровский край	47.535352	134.755297
Гвасюги	-39	-37	-37	-35	-30	-52	17.3	174	-14.9	228	-10.4	242	-9.2	77	64	128	-	-	-	Хабаровский край	47.669587	136.180905
Гроссевичи	-26	-25	-23	-22	-20	-36	8.7	161	-8.8	248	-4.3	270	-3.2	54	47	-	СЗ	-	-	Хабаровский край	47.985624	139.532115
Де-Кастри	-30	-29	-28	-27	-24	-39	7.8	183	-11.4	256	-6.9	276	-5.8	68	61	131	СЗ	-	-	Хабаровский край	51.475482	140.769104
Джаорэ	-36	-32	-33	-30	-25	-42	7.7	191	-11.7	252	-7.9	268	-7.0	70	65	-	-	-	-	Хабаровский край	52.658229	141.283623
Екатерино-Никольское	-34	-31	-32	-29	-24	-40	10.4	158	-13.2	204	-9.3	220	-8.0	69	63	46	СЗ	4.4	2.2	Хабаровский край	NA	NA
Комсомольск-на-Амуре	-38	-37	-37	-35	-31	-45	9.9	171	-15.4	223	-10.8	238	-9.5	79	77	93	Ю	5.7	3.9	Хабаровский край	50.549923	137.007912
Нижнетамбовское	-40	-38	-38	-36	-31	-53	13.7	175	-15.5	229	-10.9	244	-9.6	78	72	119	ЮЗ	-	-	Хабаровский край	50.920855	138.188433
Николаевск-на-Амуре	-39	-36	-36	-33	-27	-47	8.0	187	-14.4	245	-10.1	261	-8.9	77	75	193	З	3.8	3.6	Хабаровский край	53.146143	140.711046
Облучье	-40	-39	-37	-36	-31	-46	13.1	176	-16.2	227	-11.5	241	-10.4	79	70	82	СЗ	-	-	Хабаровский край	49.018898	131.053914
Охотск	-37	-34	-33	-32	-25	-40	5.7	207	-14.1	274	-9.6	293	-8.4	62	62	74	С	3.9	3.8	Хабаровский край	59.36113	143.225484
Им. Полины Осипенко	-43	-43	-42	-40	-32	-52	13.1	179	-17.4	232	-12.5	248	-11.1	77	72	63	С	3.5	1.5	Хабаровский край	NA	NA
Сизиман	-30	-29	-28	-26	-23	-43	11.6	181	-10.8	263	-6.2	283	-5.1	65	53	133	З	-	3	Хабаровский край	50.655871	140.241003
Советская Гавань	-28	-27	-26	-24	-21	-40	9.9	162	-10.5	234	-6.0	254	-4.8	65	57	153	З	4.2	3.3	Хабаровский край	48.96644	140.285128
Софийский Прииск	-46	-45	-45	-44	-35	-51	14.7	206	-19.9	262	-14.7	280	-13.2	74	68	59	В	1.7	1.7	Хабаровский край	NA	NA
Средний Ургал	-43	-42	-41	-40	-36	-52	12.1	183	-18.4	238	-13.3	253	-11.9	76	69	57	-	-	-	Хабаровский край	51.157382	132.942586
Троицкое	-36	-34	-32	-31	-28	-41	8.7	166	-13.9	217	-9.7	231	-8.5	74	70	137	Ю	-	4.2	Хабаровский край	49.440537	136.549834
Хабаровск	-34	-32	-32	-29	-25	-43	7.7	158	-13.6	204	-9.5	219	-8.3	74	67	81	ЮЗ	3.9	3	Хабаровский край	48.472584	135.057732
Чумикан	-35	-34	-34	-32	-29	-43	5.3	198	-13.8	274	-8.8	292	-7.7	73	71	-	З	10.3	6.3	Хабаровский край	54.718624	135.313258
Энкэн	-31	-30	-30	-28	-25	-41	6.2	206	-12	281	-7.7	303	-6.5	48	45	-	СЗ	-	4.8	Хабаровский край	NA	NA
Абакан	-42	-39	-40	-37	-23	-47	10.9	164	-12.3	223	-7.9	239	-6.8	79	76	35	ЮЗ	4.8	2.3	Республика Хакассия	53.722356	91.443699
Шира	-43	-40	-39	-38	-24	-49	10.5	174	-11.9	236	-7.7	254	-6.6	73	70	36	ЮЗ	4.1	2.5	Республика Хакассия	54.492086	89.968513
Верхнеуральск	-39	-38	-35	-34	-21	-48	10.3	170	-11.1	221	-7.5	242	-6.1	78	75	81	ЮЗ	-	3.1	Челябинская область	53.876143	59.216953
Нязепетровск	-42	-40	-38	-35	-22	-52	9.2	172	-10.6	229	-6.8	248	-5.6	81	78	149	ЮЗ	-	2.7	Челябинская область	56.053673	59.609678
Челябинск	-39	-38	-35	-34	-21	-48	9.4	162	-10.1	218	-6.5	233	-5.5	78	78	104	ЮЗ	4.5	3	Челябинская область	55.160283	61.400856
Грозный	-23	-22	-20	-17	-7	-32	7.0	83	-1.8	159	0.9	176	1.7	87	80	127	З	3.8	2.5	Чеченская Республика	43.317992	45.698197
Агинское	-42	-38	-40	-36	-28	-48	13.9	182	-14.8	238	-10.4	255	-9.1	72	67	19	З	-	2.9	Читинская область	51.103662	114.537849
Акша	-41	-38	-36	-34	-28	-41	14.7	179	-14	237	-9.6	254	-8.3	73	65	21	СЗ	5.2	2.2	Читинская область	NA	NA
Александровский Завод	-43	-41	-40	-38	-32	-48	12.1	194	-16.6	250	-12.0	267	-10.6	80	75	38	ЮЗ	-	-	Читинская область	50.922332	117.936229
Борзя	-43	-41	-41	-38	-30	-50	14.3	180	-17.1	232	-12.4	247	-11.1	78	74	16	СВ	1.9	2.8	Читинская область	NA	NA
Дарасун	-40	-37	-38	-34	-27	-48	13.9	188	-13.7	247	-9.5	265	-8.2	72	64	28	СЗ	-	2	Читинская область	51.650617	113.966682
Калакан	-49	-48	-46	-45	-38	-56	15.1	203	-21.7	257	-16.3	271	-15.0	76	68	27	З	2.4	0.7	Читинская область	NA	NA
Красный Чикой	-42	-41	-37	-37	-29	-48	12.7	181	-16.2	240	-11.2	256	-9.9	79	73	24	З	2.4	1.1	Читинская область	NA	NA
Могоча	-46	-42	-43	-39	-33	-53	15.1	195	-18.9	250	-13.8	266	-12.4	77	70	29	СЗ	3.6	1.5	Читинская область	NA	NA
Нерчинск	-48	-46	-47	-44	-36	-54	13.3	183	-19.1	233	-14.1	247	-12.8	77	73	23	З	4.4	2.1	Читинская область	51.959486	116.585325
Нерчинский Завод	-42	-40	-41	-38	-32	-53	9.1	180	-17.7	233	-12.7	249	-11.3	80	77	28	СЗ	2.3	1	Читинская область	51.311758	119.607266
Средний Калар	-52	-50	-48	-46	-41	-56	17.2	218	-21.5	271	-16.4	287	-15.0	78	73	20	СВ	-	0.9	Читинская область	NA	NA
Тунгокочен	-48	-46	-47	-45	-36	-54	18.7	205	-18.7	262	-13.8	278	-12.4	76	68	27	ЮЗ	-	1.5	Читинская область	NA	NA
Тупик	-50	-46	-46	-44	-38	-56	15.4	207	-19.7	260	-14.8	276	-13.4	76	70	45	Ю	-	1.5	Читинская область	NA	NA
Чара	-49	-47	-47	-45	-37	-56	12.8	210	-20.8	263	-15.8	276	-14.6	78	76	19	ЮЗ	1.6	1.4	Читинская область	NA	NA
Чита	-41	-39	-39	-38	-29	-47	13.9	182	-16.1	238	-11.3	252	-10.2	76	69	17	В	1.6	2.1	Читинская область	52.033973	113.499432
Порецкое	-39	-33	-32	-30	-15	-45	6.9	150	-7.8	207	-4.5	223	-3.5	84	84	192	Ю	5.6	4.8	Чувашская Республика	55.194398	46.325356
Чебоксары	-40	-36	-35	-32	-18	-44	6.8	156	-8.3	217	-4.9	232	-3.9	84	84	160	Ю	-	5	Чувашская Республика	56.1439	47.248887
Анадырь	-42	-41	-39	-38	-25	-45	7.4	235	-15.5	299	-11.3	322	-9.8	81	80	164	СЗ	6.3	6.7	Чукотский АО (Магаданская область)	NA	NA
Березово	-52	-51	-51	-50	-37	-53	11.6	236	-18.2	296	-13.6	314	-12.3	77	76	113	З	-	2.2	Чукотский АО (Магаданская область)	NA	NA
Марково	-51	-50	-49	-47	-29	-60	9.8	233	-18.7	274	-15.3	290	-13.9	78	77	142	С	4	2.2	Чукотский АО (Магаданская область)	NA	NA
Омолон	-56	-53	-50	-47	-37	-61	9.6	232	-25.2	283	-19.8	299	-18.3	75	74	88	СЗ	4.2	1.6	Чукотский АО (Магаданская область)	NA	NA
Островное	-57	-53	-55	-51	-39	-58	9.2	231	-23.7	278	-19.0	296	-17.3	75	75	71	СЗ	4.5	1.8	Чукотский АО (Магаданская область)	NA	NA
Усть-Олой	-54	-53	-53	-51	-39	-60	7.5	230	-24.6	278	-19.6	295	-17.9	75	73	66	ЮЗ	1.7	1.3	Чукотский АО (Магаданская область)	NA	NA
Эньмувеем	-53	-51	-51	-48	-30	-56	10.1	237	-19.2	283	-15.3	301	-13.9	72	71	95	СЗ	4.6	1.9	Чукотский АО (Магаданская область)	NA	NA
Алдан	-47	-43	-43	-41	-31	-51	8.4	214	-17.7	263	-13.6	276	-12.6	78	76	146	ЮЗ	2.3	2.1	Республика Саха (Якутия)	58.609451	125.381673
Аллах-Юнь	-57	-56	-55	-54	-49	-59	9.2	231	-27	280	-21.4	295	-19.9	75	75	32	С	3.2	0.9	Республика Саха (Якутия)	61.339549	138.141191
Амга	-59	-58	-57	-55	-48	-63	8.9	217	-26.1	259	-21.3	273	-19.7	76	76	58	З	2.5	1.6	Республика Саха (Якутия)	60.900648	131.976807
Батамай	-58	-56	-54	-52	-47	-63	7.9	222	-25.7	265	-20.8	279	-19.4	72	69	53	В	-	2.3	Республика Саха (Якутия)	63.524595	129.419762
Бердигястях	-58	-57	-56	-54	-45	-61	10.7	222	-24.5	268	-19.6	282	-18.1	73	72	56	З	-	1.2	Республика Саха (Якутия)	62.095029	126.69483
Буяга	-57	-55	-55	-52	-43	-61	12.3	218	-23.1	266	-18.2	280	-16.7	74	72	56	-	-	0.9	Республика Саха (Якутия)	NA	NA
Верхоянск	-62	-60	-61	-58	-51	-68	6.0	228	-30.6	272	-25.0	285	-23.4	74	73	35	ЮЗ	1.5	1	Республика Саха (Якутия)	67.550161	133.390702
Вилюйск	-57	-55	-54	-51	-41	-61	7.1	213	-23.7	259	-18.8	271	-17.5	74	73	55	З	2.1	1.8	Республика Саха (Якутия)	63.751722	121.627326
Витим	-55	-52	-53	-50	-32	-61	10.1	202	-18.5	255	-13.8	268	-12.7	77	76	131	Ю	3.8	2.3	Республика Саха (Якутия)	NA	NA
Воронцово	-55	-53	-52	-51	-43	-57	8.7	246	-24.5	297	-19.6	324	-17.2	76	76	64	СЗ	-	1.6	Республика Саха (Якутия)	NA	NA
Джалинда	-62	-59	-60	-56	-44	-64	9.4	247	-24.2	296	-19.5	316	-17.7	74	74	53	ЮВ	-	2.2	Республика Саха (Якутия)	NA	NA
Джарджан	-59	-57	-57	-54	-42	-60	6.4	234	-24.8	283	-19.8	296	-18.5	71	71	63	Ю	4.9	3	Республика Саха (Якутия)	68.732014	124.019611
Джикимда	-54	-54	-52	-51	-38	-59	10.5	203	-22.1	256	-16.6	269	-15.4	77	77	68	З	1.7	0.7	Республика Саха (Якутия)	NA	NA
Дружина	-57	-56	-53	-52	-44	-58	8.8	236	-25.2	284	-20.2	297	-18.9	76	76	78	СЗ	2.8	1.5	Республика Саха (Якутия)	68.200939	145.316439
Екючю	-62	-60	-61	-58	-51	-65	7.0	234	-28.5	281	-23.0	294	-21.6	74	74	31	ЮЗ	-	1.1	Республика Саха (Якутия)	NA	NA
Жиганск	-58	-55	-54	-52	-42	-60	5.9	229	-24.8	275	-20.0	288	-18.7	74	74	61	Ю	4.1	3.7	Республика Саха (Якутия)	66.767581	123.374226
Зырянка	-54	-53	-51	-50	-40	-59	6.3	225	-24.8	265	-20.4	280	-18.8	77	77	70	С	3.1	2	Республика Саха (Якутия)	65.736267	150.890458
Исить	-53	-51	-51	-49	-39	-54	7.1	207	-23	255	-17.9	269	-16.5	75	75	54	З	4.7	2.3	Республика Саха (Якутия)	NA	NA
Иэма	-61	-60	-59	-57	-51	-63	7.4	242	-28.6	292	-22.9	311	-21.0	73	73	38	СЗ	-	1.2	Республика Саха (Якутия)	NA	NA
Крест-Хальджай	-58	-57	-56	-54	-48	-62	6.9	211	-28.3	254	-22.7	267	-21.2	72	72	37	З	1.4	0.7	Республика Саха (Якутия)	62.811728	134.518043
Кюсюр	-58	-56	-56	-54	-41	-62	8.0	244	-24.6	295	-19.7	312	-18.1	74	74	84	ЮЗ	4.2	3	Республика Саха (Якутия)	70.686205	127.361695
Ленcк	-55	-52	-52	-50	-33	-57	8.4	207	-18.8	258	-14.3	270	-13.3	76	75	93	З	3.2	2.6	Республика Саха (Якутия)	NA	NA
Нагорный	-47	-45	-43	-40	-33	-57	9.3	219	-19.2	270	-14.8	285	-13.5	75	73	42	С	4.7	2.7	Республика Саха (Якутия)	NA	NA
Нера	-62	-60	-60	-58	-51	-62	5.2	229	-29.1	272	-23.8	286	-22.2	71	70	2	ЮЗ	-	1.8	Республика Саха (Якутия)	64.526963	143.613817
Нюрба	-58	-56	-53	-52	-41	-62	10.2	217	-22.3	263	-17.7	277	-16.3	75	75	61	ЮЗ	3.3	2.2	Республика Саха (Якутия)	63.282823	118.324239
Нюя	-56	-53	-52	-50	-35	-61	9.3	203	-18.8	253	-14.2	268	-12.9	73	73	61	З	5.3	2.4	Республика Саха (Якутия)	60.836203	114.497478
Оймякон	-63	-61	-60	-59	-51	-68	7.3	231	-31.3	277	-25.4	292	-23.6	74	75	37	З	1.4	0.9	Республика Саха (Якутия)	63.464527	142.789074
Олекминск	-55	-53	-53	-49	-35	-60	7.9	204	-20.4	253	-15.7	267	-14.4	79	78	72	З	2.7	2.4	Республика Саха (Якутия)	60.37476	120.406318
Оленек	-59	-58	-57	-55	-44	-63	7.4	240	-23.4	287	-18.9	300	-17.7	78	78	62	В	2.5	2.4	Республика Саха (Якутия)	NA	NA
Охотский Перевоз	-58	-57	-56	-55	-49	-60	7.9	218	-26.7	260	-21.7	274	-20.1	74	74	54	Ю	1.8	1.1	Республика Саха (Якутия)	61.878065	135.526446
Сангар	-53	-52	-51	-50	-44	-61	6.4	220	-24	261	-19.6	274	-18.2	70	70	58	В	7.6	3.6	Республика Саха (Якутия)	63.920227	127.476814
Саскылах	-57	-54	-55	-53	-38	-60	7.5	257	-23.9	308	-19.3	327	-17.6	74	73	46	ЮВ	3.4	3.2	Республика Саха (Якутия)	71.963018	114.092096
Среднеколымск	-54	-52	-52	-50	-40	-58	6.5	232	-24.5	277	-19.8	294	-18.1	77	77	64	ЮЗ	1.9	1.6	Республика Саха (Якутия)	67.458183	153.707009
Сунтар	-56	-55	-55	-52	-37	-60	9.4	208	-21.7	257	-16.8	270	-15.5	77	73	63	Ю	2.3	2.1	Республика Саха (Якутия)	62.160619	117.647601
Сухана	-62	-61	-60	-59	-46	-64	8.6	235	-26.7	284	-21.4	297	-20.1	72	72	49	Ю	2.6	1.3	Республика Саха (Якутия)	NA	NA
Сюльдюкар	-61	-58	-56	-53	-43	-63	11.8	222	-22.8	270	-18.0	284	-16.7	75	75	64	ЮЗ	-	1.1	Республика Саха (Якутия)	63.226157	113.730057
Сюрен-Кюель	-51	-50	-49	-46	-40	-53	7.2	239	-22.1	292	-17.4	311	-15.8	75	75	34	ЮЗ	8.7	3	Республика Саха (Якутия)	NA	NA
Токо	-54	-53	-52	-51	-43	-61	14.3	221	-24.4	273	-18.9	288	-17.4	78	76	53	З	2.5	0.6	Республика Саха (Якутия)	NA	NA
Томмот	-56	-54	-54	-51	-41	-60	12.1	214	-21.9	262	-17.1	277	-15.7	77	77	92	СЗ	-	1	Республика Саха (Якутия)	58.958666	126.287561
Томпо	-58	-57	-55	-54	-47	-60	6.6	224	-28.8	269	-23.3	283	-21.7	75	76	31	С	2.7	2.2	Республика Саха (Якутия)	63.914588	135.851978
Туой-Хая	-58	-55	-54	-52	-38	-59	10.4	216	-20.4	266	-15.8	280	-14.5	76	75	72	ЮЗ	3	1.9	Республика Саха (Якутия)	NA	NA
Тяня	-55	-53	-52	-50	-38	-57	11.9	211	-20.5	262	-15.7	278	-14.4	78	77	89	СЗ	-	0.8	Республика Саха (Якутия)	59.054683	119.799389
Усть-Мая	-56	-55	-54	-52	-45	-60	7.2	206	-26.2	251	-20.8	264	-19.3	76	73	55	С	1.5	1.3	Республика Саха (Якутия)	60.415628	134.540734
Усть-Миль	-55	-54	-54	-51	-45	-59	10.4	213	-24	259	-18.9	274	-17.4	75	74	68	В	-	1.1	Республика Саха (Якутия)	59.639525	133.112961
Усть-Мома	-61	-60	-58	-56	-48	-62	7.4	227	-29.1	267	-24.1	282	-22.3	75	75	37	СЗ	2.9	0.8	Республика Саха (Якутия)	NA	NA
Чульман	-48	-46	-45	-44	-40	-61	7.3	217	-19.7	266	-15.4	279	-14.2	79	80	76	СЗ	3.6	2.3	Республика Саха (Якутия)	56.840582	124.904632
Чурапча	-61	-59	-59	-56	-49	-64	9.1	219	-26.6	239	-21.8	273	-20.2	73	73	46	В	-	1.4	Республика Саха (Якутия)	61.996599	132.440365
Шелагонцы	-60	-59	-58	-57	-45	-65	10.0	233	-26.1	282	-20.8	296	-19.4	75	76	52	В	1.7	1.1	Республика Саха (Якутия)	NA	NA
Эйк	-56	-54	-54	-52	-43	-59	9.6	236	-23.1	284	-18.5	298	-17.3	75	75	38	Ю	-	2.6	Республика Саха (Якутия)	NA	NA
Якутск	-57	-55	-54	-52	-46	-64	6.3	209	-26	252	-20.9	263	-19.6	76	72	47	С	1.8	1.6	Республика Саха (Якутия)	62.028098	129.732555
Варандей	-40	-39	-37	-36	-24	-44	8.8	238	-11.5	323	-7.3	365	-5.6	86	85	126	ЮЗ	-	6.1	Ненецкий АО (Архангельская область)	NA	NA
Индига	-40	-39	-37	-34	-18	-43	7.6	215	-9.5	298	-5.6	328	-4.3	83	82	124	ЮЗ	10.1	6.7	Ненецкий АО (Архангельская область)	NA	NA
Канин Нос	-29	-26	-25	-23	-13	-33	5.4	208	-5.8	316	-2.4	365	-0.8	88	88	170	Ю	9.9	8	Ненецкий АО (Архангельская область)	NA	NA
Коткино	-49	-47	-43	-41	-23	-51	10.0	215	-10.7	285	-7.1	309	-5.8	82	81	148	ЮЗ	-	3.7	Ненецкий АО (Архангельская область)	NA	NA
Нарьян-Мар	-44	-43	-41	-39	-20	-48	9.0	218	-11.4	289	-7.5	309	-6.5	82	82	132	Ю	4.3	4.2	Ненецкий АО (Архангельская область)	NA	NA
Ходовариха	-39	-37	-34	-32	-22	-40	8.6	181	-8.4	330	-6.2	365	-4.5	86	86	167	ЮЗ	-	6.6	Ненецкий АО (Архангельская область)	NA	NA
Хоседа-Хард	-48	-46	-43	-41	-25	-53	9.5	229	-13.3	296	-8.6	318	-7.3	83	82	118	Ю	7.2	4.4	Ненецкий АО (Архангельская область)	NA	NA
Ярославль	-37	-34	-34	-31	-17	-46	8.3	152	-7.8	221	-4.0	239	-2.8	83	82	174	Ю	5.5	4.3	Ярославская область	57.626569	39.893822
